Sequence startup
framebegin
l:2 0,0,0 100
l:1 0,0,0 100
l:3 0,0,0 100
l:4 0,0,0 100
l:5 0,0,0 100
l:6 0,0,0 100

frameend

framebegin

l:2 0,0,0 100
l:1 0,0,0 100
l:3 -3.2,13.7,-6.7 100
l:4 0,0,0 100
l:5 0,0,0 100
l:6 -5.7,13.7,-7.7 100
frameend

framebegin

l:2 0,0,0 100
l:1 0,0,0 100
l:3 -3.2,13.7,0 100
l:4 0,0,0 100
l:5 0,0,0 100
l:6 -5.7,13.7,0 100
frameend

framebegin

l:2 4.2,0,-25.1 100
l:1 0,0,0 100
l:3 -3.2,13.7,-0.1 100
l:4 0,0,0 100
l:5 0,0,0 100
l:6 -5.7,13.7,0 100
frameend
framebegin
l:2 -6.3,17.9,-25.1 100
l:1 0,0,0 100
l:3 -3.2,13.7,-0.1 100
l:4 0,0,0 100
l:5 0,0,0 100
l:6 -5.7,13.7,0 100
frameend
framebegin
l:2 -2,25.7,-8 100
l:1 0,0,0 100
l:3 -3.2,13.7,-0.1 100
l:4 0,0,0 100
l:5 0,0,0 100
l:6 -5.7,13.7,0 100
frameend
framebegin

l:2 6.8,2.9,-5.1 100
l:1 0,0,0 100
l:3 -3.2,13.7,-0.1 100
l:4 0,0,0 100
l:5 0,0,0 100
l:6 -5.7,13.7,0 100
frameend
framebegin

l:2 7,3.6,-5.2 100
l:1 0,0,0 100
l:3 -3.2,13.7,-0.1 100
l:4 0,0,0 100
l:5 0,0,0 100
l:6 -5.7,13.7,0 100
frameend
framebegin
l:2 0,0,0 100
l:1 0,0,0 100
l:3 -3.2,13.7,-0.1 100
l:4 0,0,0 100
l:5 0,0,0 100
l:6 -5.7,13.7,0 100

frameend
framebegin
l:2 0,0,0 100
l:1 0,0,0 100
l:3 -3.2,7,-4 100
l:4 0,0,0 100
l:5 0,0,0 100
l:6 -5.7,7,-4 100
frameend
framebegin
l:2 0,0,0 100
l:1 0,0,0 100
l:3 0,0,0 100
l:4 0,0,0 100
l:5 0,0,0 100
l:6 0,0,0 100
frameend
