Sequence walk offset 25

# STAP 1:

framebegin
l:2 -5.1,3.0,2.2 100
l:4 -5.1,3.0,2.2 100
l:6 -5.1,3.0,4.0 100
frameend
framebegin
l:2 -5.1,3.0,2.3 100
l:4 -5.1,3.0,2.3 100
l:6 -5.1,3.0,4.0 100
frameend
framebegin
l:2 -5.1,3.0,2.4 100
l:4 -5.1,3.0,2.4 100
l:6 -5.1,3.0,4.0 100
frameend
framebegin
l:2 -5.1,3.0,2.5 100
l:4 -5.1,3.0,2.5 100
l:6 -5.1,3.0,4.0 100
frameend
framebegin
l:2 -5.1,3.0,2.6 100
l:4 -5.1,3.0,2.6 100
l:6 -5.1,3.0,4.0 100
frameend
framebegin
l:2 -5.1,3.0,2.7 100
l:4 -5.1,3.0,2.7 100
l:6 -5.1,3.0,4.0 100
frameend
framebegin
l:2 -5.1,3.0,2.8 100
l:4 -5.1,3.0,2.8 100
l:6 -5.1,3.0,4.0 100
frameend
framebegin
l:2 -5.1,3.0,2.9 100
l:4 -5.1,3.0,2.9 100
l:6 -5.1,3.0,4.0 100
frameend
framebegin
l:2 -5.1,3.0,3.0 100
l:4 -5.1,3.0,3.0 100
l:6 -5.1,3.0,4.0 100
frameend
framebegin
l:2 -5.1,3.0,3.1 100
l:4 -5.1,3.0,3.1 100
l:6 -5.1,3.0,4.0 100
frameend
framebegin
l:2 -5.1,3.0,3.2 100
l:4 -5.1,3.0,3.2 100
l:6 -5.1,3.0,4.0 100
frameend
framebegin
l:2 -5.1,3.0,3.3 100
l:4 -5.1,3.0,3.3 100
l:6 -5.1,3.0,4.0 100
frameend
framebegin
l:2 -5.1,3.0,3.4 100
l:4 -5.1,3.0,3.4 100
l:6 -5.1,3.0,4.0 100
frameend
framebegin
l:2 -5.1,3.0,3.5 100
l:4 -5.1,3.0,3.5 100
l:6 -5.1,3.0,4.0 100
frameend
framebegin
l:2 -5.1,3.0,3.6 100
l:4 -5.1,3.0,3.6 100
l:6 -5.1,3.0,4.0 100
frameend
framebegin
l:2 -5.1,3.0,3.7 100
l:4 -5.1,3.0,3.7 100
l:6 -5.1,3.0,4.0 100
frameend
framebegin
l:2 -5.1,3.0,3.8 100
l:4 -5.1,3.0,3.8 100
l:6 -5.1,3.0,4.0 100
frameend
framebegin
l:2 -5.1,3.0,3.9 100
l:4 -5.1,3.0,3.9 100
l:6 -5.1,3.0,4.0 100
frameend
framebegin
l:2 -5.1,3.0,4.0 100
l:4 -5.1,3.0,4.0 100
l:6 -5.1,3.0,4.0 100
frameend
framebegin
l:2 -5.1,3,4.1 100

l:4 -5.1,3,4.1 100

l:6 -5.1,3,4.0 100

frameend

framebegin
l:1 -5.1,-3.0,4.0 100
l:3 -5.1,-3.0,3.905 100
l:5 -5.1,-3.0,4.0 100
frameend
framebegin
l:1 -5.1,-3.0,3.9 100
l:3 -5.1,-3.0,3.81 100
l:5 -5.1,-3.0,3.9 100
frameend
framebegin
l:1 -5.1,-3.0,3.8 100
l:3 -5.1,-3.0,3.715 100
l:5 -5.1,-3.0,3.8 100
frameend
framebegin
l:1 -5.1,-3.0,3.7 100
l:3 -5.1,-3.0,3.62 100
l:5 -5.1,-3.0,3.7 100
frameend
framebegin
l:1 -5.1,-3.0,3.6 100
l:3 -5.1,-3.0,3.525 100
l:5 -5.1,-3.0,3.6 100
frameend
framebegin
l:1 -5.1,-3.0,3.5 100
l:3 -5.1,-3.0,3.43 100
l:5 -5.1,-3.0,3.5 100
frameend
framebegin
l:1 -5.1,-3.0,3.4 100
l:3 -5.1,-3.0,3.335 100
l:5 -5.1,-3.0,3.4 100
frameend
framebegin
l:1 -5.1,-3.0,3.3 100
l:3 -5.1,-3.0,3.24 100
l:5 -5.1,-3.0,3.3 100
frameend
framebegin
l:1 -5.1,-3.0,3.2 100
l:3 -5.1,-3.0,3.145 100
l:5 -5.1,-3.0,3.2 100
frameend
framebegin
l:1 -5.1,-3.0,3.1 100
l:3 -5.1,-3.0,3.05 100
l:5 -5.1,-3.0,3.1 100
frameend
framebegin
l:1 -5.1,-3.0,3.0 100
l:3 -5.1,-3.0,2.955 100
l:5 -5.1,-3.0,3.0 100
frameend
framebegin
l:1 -5.1,-3.0,2.9 100
l:3 -5.1,-3.0,2.86 100
l:5 -5.1,-3.0,2.9 100
frameend
framebegin
l:1 -5.1,-3.0,2.8 100
l:3 -5.1,-3.0,2.765 100
l:5 -5.1,-3.0,2.8 100
frameend
framebegin
l:1 -5.1,-3.0,2.7 100
l:3 -5.1,-3.0,2.67 100
l:5 -5.1,-3.0,2.7 100
frameend
framebegin
l:1 -5.1,-3.0,2.6 100
l:3 -5.1,-3.0,2.575 100
l:5 -5.1,-3.0,2.6 100
frameend
framebegin
l:1 -5.1,-3.0,2.5 100
l:3 -5.1,-3.0,2.48 100
l:5 -5.1,-3.0,2.5 100
frameend
framebegin
l:1 -5.1,-3.0,2.4 100
l:3 -5.1,-3.0,2.385 100
l:5 -5.1,-3.0,2.4 100
frameend
framebegin
l:1 -5.1,-3.0,2.3 100
l:3 -5.1,-3.0,2.29 100
l:5 -5.1,-3.0,2.3 100
frameend
framebegin
l:1 -5.1,-3.0,2.2 100
l:3 -5.1,-3.0,2.195 100
l:5 -5.1,-3.0,2.2 100
frameend
framebegin
l:1 -5.1,-3,2.1 100

l:3 -5.1,-3,2.1 100

l:5 -5.1,-3,2.1 100

frameend

# STAP 2




framebegin
l:1 -5.1,-2.7,2.1 100
l:3 -5.1,-2.7,2.195 100
l:2 -5.1,2.7,4.1 100
l:5 -5.1,-2.7,2.1 100
l:4 -5.1,2.7,4.1 100
l:6 -5.1,2.7,4.0 100
frameend
framebegin
l:1 -5.1,-2.4,2.1 100
l:3 -5.1,-2.4,2.29 100
l:2 -5.1,2.4,4.1 100
l:5 -5.1,-2.4,2.1 100
l:4 -5.1,2.4,4.1 100
l:6 -5.1,2.4,4.0 100
frameend
framebegin
l:1 -5.1,-2.1,2.1 100
l:3 -5.1,-2.1,2.385 100
l:2 -5.1,2.1,4.1 100
l:5 -5.1,-2.1,2.1 100
l:4 -5.1,2.1,4.1 100
l:6 -5.1,2.1,4.0 100
frameend
framebegin
l:1 -5.1,-1.8,2.1 100
l:3 -5.1,-1.8,2.48 100
l:2 -5.1,1.8,4.1 100
l:5 -5.1,-1.8,2.1 100
l:4 -5.1,1.8,4.1 100
l:6 -5.1,1.8,4.0 100
frameend
framebegin
l:1 -5.1,-1.5,2.1 100
l:3 -5.1,-1.5,2.575 100
l:2 -5.1,1.5,4.1 100
l:5 -5.1,-1.5,2.1 100
l:4 -5.1,1.5,4.1 100
l:6 -5.1,1.5,4.0 100
frameend
framebegin
l:1 -5.1,-1.2,2.1 100
l:3 -5.1,-1.2,2.67 100
l:2 -5.1,1.2,4.1 100
l:5 -5.1,-1.2,2.1 100
l:4 -5.1,1.2,4.1 100
l:6 -5.1,1.2,4.0 100
frameend
framebegin
l:1 -5.1,-0.9,2.1 100
l:3 -5.1,-0.9,2.765 100
l:2 -5.1,0.9,4.1 100
l:5 -5.1,-0.9,2.1 100
l:4 -5.1,0.9,4.1 100
l:6 -5.1,0.9,4.0 100
frameend
framebegin
l:1 -5.1,-0.6,2.1 100
l:3 -5.1,-0.6,2.86 100
l:2 -5.1,0.6,4.1 100
l:5 -5.1,-0.6,2.1 100
l:4 -5.1,0.6,4.1 100
l:6 -5.1,0.6,4.0 100
frameend
framebegin
l:1 -5.1,-0.3,2.1 100
l:3 -5.1,-0.3,2.955 100
l:2 -5.1,0.3,4.1 100
l:5 -5.1,-0.3,2.1 100
l:4 -5.1,0.3,4.1 100
l:6 -5.1,0.3,4.0 100
frameend
framebegin
l:1 -5.1,0.0,2.1 100
l:3 -5.1,0.0,3.05 100
l:2 -5.1,0.0,4.1 100
l:5 -5.1,0.0,2.1 100
l:4 -5.1,0.0,4.1 100
l:6 -5.1,0.0,4.0 100
frameend
framebegin
l:1 -5.1,0.3,2.1 100
l:3 -5.1,0.3,3.145 100
l:2 -5.1,-0.3,4.1 100
l:5 -5.1,0.3,2.1 100
l:4 -5.1,-0.3,4.1 100
l:6 -5.1,-0.3,4.0 100
frameend
framebegin
l:1 -5.1,0.6,2.1 100
l:3 -5.1,0.6,3.24 100
l:2 -5.1,-0.6,4.1 100
l:5 -5.1,0.6,2.1 100
l:4 -5.1,-0.6,4.1 100
l:6 -5.1,-0.6,4.0 100
frameend
framebegin
l:1 -5.1,0.9,2.1 100
l:3 -5.1,0.9,3.335 100
l:2 -5.1,-0.9,4.1 100
l:5 -5.1,0.9,2.1 100
l:4 -5.1,-0.9,4.1 100
l:6 -5.1,-0.9,4.0 100
frameend
framebegin
l:1 -5.1,1.2,2.1 100
l:3 -5.1,1.2,3.43 100
l:2 -5.1,-1.2,4.1 100
l:5 -5.1,1.2,2.1 100
l:4 -5.1,-1.2,4.1 100
l:6 -5.1,-1.2,4.0 100
frameend
framebegin
l:1 -5.1,1.5,2.1 100
l:3 -5.1,1.5,3.525 100
l:2 -5.1,-1.5,4.1 100
l:5 -5.1,1.5,2.1 100
l:4 -5.1,-1.5,4.1 100
l:6 -5.1,-1.5,4.0 100
frameend
framebegin
l:1 -5.1,1.8,2.1 100
l:3 -5.1,1.8,3.62 100
l:2 -5.1,-1.8,4.1 100
l:5 -5.1,1.8,2.1 100
l:4 -5.1,-1.8,4.1 100
l:6 -5.1,-1.8,4.0 100
frameend
framebegin
l:1 -5.1,2.1,2.1 100
l:3 -5.1,2.1,3.715 100
l:2 -5.1,-2.1,4.1 100
l:5 -5.1,2.1,2.1 100
l:4 -5.1,-2.1,4.1 100
l:6 -5.1,-2.1,4.0 100
frameend
framebegin
l:1 -5.1,2.4,2.1 100
l:3 -5.1,2.4,3.81 100
l:2 -5.1,-2.4,4.1 100
l:5 -5.1,2.4,2.1 100
l:4 -5.1,-2.4,4.1 100
l:6 -5.1,-2.4,4.0 100
frameend
framebegin
l:1 -5.1,2.7,2.1 100
l:3 -5.1,2.7,3.905 100
l:2 -5.1,-2.7,4.1 100
l:5 -5.1,2.7,2.1 100
l:4 -5.1,-2.7,4.1 100
l:6 -5.1,-2.7,4.0 100
frameend
framebegin
l:1 -5.1,3,2.1 100

l:3 -5.1,3,4.0 100

l:2 -5.1,-3,4.1 100

l:5 -5.1,3,2.1 100

l:4 -5.1,-3,4.1 100

l:6 -5.1,-3,4.0 100

frameend

# STAP 3

framebegin
l:1 -5.1,3.0,2.2 100
l:3 -5.1,3.0,4.0 100
l:5 -5.1,3.0,2.2 100
frameend
framebegin
l:1 -5.1,3.0,2.3 100
l:3 -5.1,3.0,4.0 100
l:5 -5.1,3.0,2.3 100
frameend
framebegin
l:1 -5.1,3.0,2.4 100
l:3 -5.1,3.0,4.0 100
l:5 -5.1,3.0,2.4 100
frameend
framebegin
l:1 -5.1,3.0,2.5 100
l:3 -5.1,3.0,4.0 100
l:5 -5.1,3.0,2.5 100
frameend
framebegin
l:1 -5.1,3.0,2.6 100
l:3 -5.1,3.0,4.0 100
l:5 -5.1,3.0,2.6 100
frameend
framebegin
l:1 -5.1,3.0,2.7 100
l:3 -5.1,3.0,4.0 100
l:5 -5.1,3.0,2.7 100
frameend
framebegin
l:1 -5.1,3.0,2.8 100
l:3 -5.1,3.0,4.0 100
l:5 -5.1,3.0,2.8 100
frameend
framebegin
l:1 -5.1,3.0,2.9 100
l:3 -5.1,3.0,4.0 100
l:5 -5.1,3.0,2.9 100
frameend
framebegin
l:1 -5.1,3.0,3.0 100
l:3 -5.1,3.0,4.0 100
l:5 -5.1,3.0,3.0 100
frameend
framebegin
l:1 -5.1,3.0,3.1 100
l:3 -5.1,3.0,4.0 100
l:5 -5.1,3.0,3.1 100
frameend
framebegin
l:1 -5.1,3.0,3.2 100
l:3 -5.1,3.0,4.0 100
l:5 -5.1,3.0,3.2 100
frameend
framebegin
l:1 -5.1,3.0,3.3 100
l:3 -5.1,3.0,4.0 100
l:5 -5.1,3.0,3.3 100
frameend
framebegin
l:1 -5.1,3.0,3.4 100
l:3 -5.1,3.0,4.0 100
l:5 -5.1,3.0,3.4 100
frameend
framebegin
l:1 -5.1,3.0,3.5 100
l:3 -5.1,3.0,4.0 100
l:5 -5.1,3.0,3.5 100
frameend
framebegin
l:1 -5.1,3.0,3.6 100
l:3 -5.1,3.0,4.0 100
l:5 -5.1,3.0,3.6 100
frameend
framebegin
l:1 -5.1,3.0,3.7 100
l:3 -5.1,3.0,4.0 100
l:5 -5.1,3.0,3.7 100
frameend
framebegin
l:1 -5.1,3.0,3.8 100
l:3 -5.1,3.0,4.0 100
l:5 -5.1,3.0,3.8 100
frameend
framebegin
l:1 -5.1,3.0,3.9 100
l:3 -5.1,3.0,4.0 100
l:5 -5.1,3.0,3.9 100
frameend
framebegin
l:1 -5.1,3.0,4.0 100
l:3 -5.1,3.0,4.0 100
l:5 -5.1,3.0,4.0 100
frameend
framebegin
l:1 -5.1,3,4.1 100

l:3 -5.1,3,4.0 100

l:5 -5.1,3,4.1 100

frameend

framebegin
l:2 -5.1,-3.0,4.0 100
l:4 -5.1,-3.0,4.0 100
l:6 -5.1,-3.0,3.905 100
frameend
framebegin
l:2 -5.1,-3.0,3.9 100
l:4 -5.1,-3.0,3.9 100
l:6 -5.1,-3.0,3.81 100
frameend
framebegin
l:2 -5.1,-3.0,3.8 100
l:4 -5.1,-3.0,3.8 100
l:6 -5.1,-3.0,3.715 100
frameend
framebegin
l:2 -5.1,-3.0,3.7 100
l:4 -5.1,-3.0,3.7 100
l:6 -5.1,-3.0,3.62 100
frameend
framebegin
l:2 -5.1,-3.0,3.6 100
l:4 -5.1,-3.0,3.6 100
l:6 -5.1,-3.0,3.525 100
frameend
framebegin
l:2 -5.1,-3.0,3.5 100
l:4 -5.1,-3.0,3.5 100
l:6 -5.1,-3.0,3.43 100
frameend
framebegin
l:2 -5.1,-3.0,3.4 100
l:4 -5.1,-3.0,3.4 100
l:6 -5.1,-3.0,3.335 100
frameend
framebegin
l:2 -5.1,-3.0,3.3 100
l:4 -5.1,-3.0,3.3 100
l:6 -5.1,-3.0,3.24 100
frameend
framebegin
l:2 -5.1,-3.0,3.2 100
l:4 -5.1,-3.0,3.2 100
l:6 -5.1,-3.0,3.145 100
frameend
framebegin
l:2 -5.1,-3.0,3.1 100
l:4 -5.1,-3.0,3.1 100
l:6 -5.1,-3.0,3.05 100
frameend
framebegin
l:2 -5.1,-3.0,3.0 100
l:4 -5.1,-3.0,3.0 100
l:6 -5.1,-3.0,2.955 100
frameend
framebegin
l:2 -5.1,-3.0,2.9 100
l:4 -5.1,-3.0,2.9 100
l:6 -5.1,-3.0,2.86 100
frameend
framebegin
l:2 -5.1,-3.0,2.8 100
l:4 -5.1,-3.0,2.8 100
l:6 -5.1,-3.0,2.765 100
frameend
framebegin
l:2 -5.1,-3.0,2.7 100
l:4 -5.1,-3.0,2.7 100
l:6 -5.1,-3.0,2.67 100
frameend
framebegin
l:2 -5.1,-3.0,2.6 100
l:4 -5.1,-3.0,2.6 100
l:6 -5.1,-3.0,2.575 100
frameend
framebegin
l:2 -5.1,-3.0,2.5 100
l:4 -5.1,-3.0,2.5 100
l:6 -5.1,-3.0,2.48 100
frameend
framebegin
l:2 -5.1,-3.0,2.4 100
l:4 -5.1,-3.0,2.4 100
l:6 -5.1,-3.0,2.385 100
frameend
framebegin
l:2 -5.1,-3.0,2.3 100
l:4 -5.1,-3.0,2.3 100
l:6 -5.1,-3.0,2.29 100
frameend
framebegin
l:2 -5.1,-3.0,2.2 100
l:4 -5.1,-3.0,2.2 100
l:6 -5.1,-3.0,2.195 100
frameend
framebegin
l:2 -5.1,-3,2.1 100

l:4 -5.1,-3,2.1 100

l:6 -5.1,-3,2.1 100

frameend


# STAP 4




framebegin
l:1 -5.1,2.7,4.1 100
l:3 -5.1,2.7,4.0 100
l:2 -5.1,-2.7,2.1 100
l:5 -5.1,2.7,4.1 100
l:4 -5.1,-2.7,2.1 100
l:6 -5.1,-2.7,2.195 100
frameend
framebegin
l:1 -5.1,2.4,4.1 100
l:3 -5.1,2.4,4.0 100
l:2 -5.1,-2.4,2.1 100
l:5 -5.1,2.4,4.1 100
l:4 -5.1,-2.4,2.1 100
l:6 -5.1,-2.4,2.29 100
frameend
framebegin
l:1 -5.1,2.1,4.1 100
l:3 -5.1,2.1,4.0 100
l:2 -5.1,-2.1,2.1 100
l:5 -5.1,2.1,4.1 100
l:4 -5.1,-2.1,2.1 100
l:6 -5.1,-2.1,2.385 100
frameend
framebegin
l:1 -5.1,1.8,4.1 100
l:3 -5.1,1.8,4.0 100
l:2 -5.1,-1.8,2.1 100
l:5 -5.1,1.8,4.1 100
l:4 -5.1,-1.8,2.1 100
l:6 -5.1,-1.8,2.48 100
frameend
framebegin
l:1 -5.1,1.5,4.1 100
l:3 -5.1,1.5,4.0 100
l:2 -5.1,-1.5,2.1 100
l:5 -5.1,1.5,4.1 100
l:4 -5.1,-1.5,2.1 100
l:6 -5.1,-1.5,2.575 100
frameend
framebegin
l:1 -5.1,1.2,4.1 100
l:3 -5.1,1.2,4.0 100
l:2 -5.1,-1.2,2.1 100
l:5 -5.1,1.2,4.1 100
l:4 -5.1,-1.2,2.1 100
l:6 -5.1,-1.2,2.67 100
frameend
framebegin
l:1 -5.1,0.9,4.1 100
l:3 -5.1,0.9,4.0 100
l:2 -5.1,-0.9,2.1 100
l:5 -5.1,0.9,4.1 100
l:4 -5.1,-0.9,2.1 100
l:6 -5.1,-0.9,2.765 100
frameend
framebegin
l:1 -5.1,0.6,4.1 100
l:3 -5.1,0.6,4.0 100
l:2 -5.1,-0.6,2.1 100
l:5 -5.1,0.6,4.1 100
l:4 -5.1,-0.6,2.1 100
l:6 -5.1,-0.6,2.86 100
frameend
framebegin
l:1 -5.1,0.3,4.1 100
l:3 -5.1,0.3,4.0 100
l:2 -5.1,-0.3,2.1 100
l:5 -5.1,0.3,4.1 100
l:4 -5.1,-0.3,2.1 100
l:6 -5.1,-0.3,2.955 100
frameend
framebegin
l:1 -5.1,0.0,4.1 100
l:3 -5.1,0.0,4.0 100
l:2 -5.1,0.0,2.1 100
l:5 -5.1,0.0,4.1 100
l:4 -5.1,0.0,2.1 100
l:6 -5.1,0.0,3.05 100
frameend
framebegin
l:1 -5.1,-0.3,4.1 100
l:3 -5.1,-0.3,4.0 100
l:2 -5.1,0.3,2.1 100
l:5 -5.1,-0.3,4.1 100
l:4 -5.1,0.3,2.1 100
l:6 -5.1,0.3,3.145 100
frameend
framebegin
l:1 -5.1,-0.6,4.1 100
l:3 -5.1,-0.6,4.0 100
l:2 -5.1,0.6,2.1 100
l:5 -5.1,-0.6,4.1 100
l:4 -5.1,0.6,2.1 100
l:6 -5.1,0.6,3.24 100
frameend
framebegin
l:1 -5.1,-0.9,4.1 100
l:3 -5.1,-0.9,4.0 100
l:2 -5.1,0.9,2.1 100
l:5 -5.1,-0.9,4.1 100
l:4 -5.1,0.9,2.1 100
l:6 -5.1,0.9,3.335 100
frameend
framebegin
l:1 -5.1,-1.2,4.1 100
l:3 -5.1,-1.2,4.0 100
l:2 -5.1,1.2,2.1 100
l:5 -5.1,-1.2,4.1 100
l:4 -5.1,1.2,2.1 100
l:6 -5.1,1.2,3.43 100
frameend
framebegin
l:1 -5.1,-1.5,4.1 100
l:3 -5.1,-1.5,4.0 100
l:2 -5.1,1.5,2.1 100
l:5 -5.1,-1.5,4.1 100
l:4 -5.1,1.5,2.1 100
l:6 -5.1,1.5,3.525 100
frameend
framebegin
l:1 -5.1,-1.8,4.1 100
l:3 -5.1,-1.8,4.0 100
l:2 -5.1,1.8,2.1 100
l:5 -5.1,-1.8,4.1 100
l:4 -5.1,1.8,2.1 100
l:6 -5.1,1.8,3.62 100
frameend
framebegin
l:1 -5.1,-2.1,4.1 100
l:3 -5.1,-2.1,4.0 100
l:2 -5.1,2.1,2.1 100
l:5 -5.1,-2.1,4.1 100
l:4 -5.1,2.1,2.1 100
l:6 -5.1,2.1,3.715 100
frameend
framebegin
l:1 -5.1,-2.4,4.1 100
l:3 -5.1,-2.4,4.0 100
l:2 -5.1,2.4,2.1 100
l:5 -5.1,-2.4,4.1 100
l:4 -5.1,2.4,2.1 100
l:6 -5.1,2.4,3.81 100
frameend
framebegin
l:1 -5.1,-2.7,4.1 100
l:3 -5.1,-2.7,4.0 100
l:2 -5.1,2.7,2.1 100
l:5 -5.1,-2.7,4.1 100
l:4 -5.1,2.7,2.1 100
l:6 -5.1,2.7,3.905 100
frameend
framebegin
l:1 -5.1,-3,4.1 100

l:3 -5.1,-3,4.0 100

l:2 -5.1,3,2.1 100

l:5 -5.1,-3,4.1 100

l:4 -5.1,3,2.1 100

l:6 -5.1,3,4.0 100

frameend

