Sequence test
s:1 59,0,0 512
s:2 309,0,0 512
s:3 110,0,0 512

s:4 59,0,0 512
s:5 309,0,0 512
s:6 110,0,0 512

s:7 59,0,0 512
s:8 309,0,0 512
s:9 110,0,0 512

s:10 27,0,0 512
s:11 309,0,0 512
s:12 87,0,0 512

s:13 -300,0,0 512
s:14 270,0,0 512
s:15 110,0,0 512

s:16 59,0,0 512
s:17 309,0,0 512
s:18 110,0,0 512

delay 1000




s:1 59,0,0 512
s:2 309,0,0 512
s:3 110,0,0 512

s:4 59,0,0 512
s:5 229,0,0 512
s:6 110,0,0 512

s:7 59,0,0 512
s:8 309,0,0 512
s:9 339,0,0 512

s:10 27,0,0 512
s:11 255,0,0 512
s:12 87,0,0 512

s:13 -300,0,0 512
s:14 270,0,0 512
s:15 110,0,0 512

s:16 59,0,0 512
s:17 309,0,0 512
s:18 110,0,0 512

delay 1000
