Sequence walk offset 45

framebegin
l:3 0,0,5 200
l:6 -8,0,5 200
l:1 0,-8,5 100
l:4 -8,8,5 100
l:2 -4,-8,5 100
l:5 -4,8,5 100
frameend

framebegin
l:3 -2,0,5 100
l:6 -6,0,5 100
l:1 -4,-8,0 200
l:4 -4,8,0 200
l:2 -6,-8,5 100
l:5 -2,8,5 100
frameend

framebegin
l:3 -4,0,5 100
l:6 -4,0,5 100
l:1 -8,-8,5 200
l:4 0,8,5 200
l:2 -4,-8,0 100
l:5 -4,8,0 100
frameend

framebegin
l:3 -6,0,5 100
l:6 -2,0,5 100
l:1 -6,-8,5 100
l:4 -2,8,5 100
l:2 -4,-8,0 200
l:5 -4,8,0 200
frameend

framebegin
l:3 -8,0,5 100
l:6 0,0,5 100
l:1 -4,-8,5 100
l:4 -4,8,5 100
l:2 0,-8,5 200
l:5 -8,8,5 200
frameend

framebegin
l:3 -4,0,0 200
l:6 -4,0,0 200
l:1 -2,-8,5 100
l:4 -6,8,5 100
l:2 -2,-8,5 100
l:5 -6,8,5 100
frameend

waitlegs