Sequence dans-wave offset 0
framebegin
l:1 -7,0,5 70
l:2 -7,0,5 70
l:3 -7,0,5 70
l:4 -7,0,5 70
l:5 -7,0,5 70
l:6 -7,0,5 70
frameend
framebegin
l:1 -7,0,5 100
l:2 -7,0,5 100
l:3 -6.5,-7.5,2.9 100
l:4 -7,0,5 100
l:5 -7,0,5 100
l:6 -6.5,-7.5,2.9 100
frameend
framebegin
l:1 -7,0,5 100
l:2 -7,0,5 100
l:3 -6.5,-7.5,5 100
l:4 -7,0,5 100
l:5 -7,0,5 100
l:6 -6.5,-7.5,5 100
frameend
framebegin
l:1 11.1,-6.6,-0.8 100
l:2 -7.3,-26.8,-0.8 100
l:3 -6.5,-7.5,4.9 100
l:4 -7,0,5 100
l:5 -7,0,5 100
l:6 -6.5,-7.5,4.9 100
frameend


#DO DIE SHIT
framebegin 500
l:1 11.1,-6.6,3 100
l:2 -7.3,-26.8,3 100
l:3 -6.5,-7.5,4.9 100
l:4 -7,0,5 100
l:5 -7,0,5 100
l:6 -6.5,-7.5,4.9 100
frameend
framebegin 250
l:1 11.1,-6.6,-0.8 100
l:2 -7.3,-26.8,-0.8 100
l:3 -6.5,-7.5,4.9 100
l:4 -7,0,5 100
l:5 -7,0,5 100
l:6 -6.5,-7.5,4.9 100
frameend
framebegin 500
l:1 11.1,-6.6,3 100
l:2 -7.3,-26.8,3 100
l:3 -6.5,-7.5,4.9 100
l:4 -7,0,5 100
l:5 -7,0,5 100
l:6 -6.5,-7.5,4.9 100
frameend
framebegin 250
l:1 11.1,-6.6,-0.8 100
l:2 -7.3,-26.8,-0.8 100
l:3 -6.5,-7.5,4.9 100
l:4 -7,0,5 100
l:5 -7,0,5 100
l:6 -6.5,-7.5,4.9 100
frameend


#DO DIE SHIT 2
framebegin 1000
l:2 11.1,-6.6,-0.8 100
l:1 -7.3,-26.8,-0.8 100
l:3 -6.5,-7.5,4.9 100
l:4 -7,0,5 100
l:5 -7,0,5 100
l:6 -6.5,-7.5,4.9 100
frameend

framebegin 500
l:2 11.1,-6.6,3 100
l:1 -7.3,-26.8,3 100
l:3 -6.5,-7.5,4.9 100
l:4 -7,0,5 100
l:5 -7,0,5 100
l:6 -6.5,-7.5,4.9 100
frameend
framebegin 250
l:2 11.1,-6.6,-0.8 100
l:1 -7.3,-26.8,-0.8 100
l:3 -6.5,-7.5,4.9 100
l:4 -7,0,5 100
l:5 -7,0,5 100
l:6 -6.5,-7.5,4.9 100
frameend
framebegin 500
l:2 11.1,-6.6,3 100
l:1 -7.3,-26.8,3 100
l:3 -6.5,-7.5,4.9 100
l:4 -7,0,5 100
l:5 -7,0,5 100
l:6 -6.5,-7.5,4.9 100
frameend
framebegin 250
l:2 11.1,-6.6,-0.8 100
l:1 -7.3,-26.8,-0.8 100
l:3 -6.5,-7.5,4.9 100
l:4 -7,0,5 100
l:5 -7,0,5 100
l:6 -6.5,-7.5,4.9 100
frameend

#Ga weer terug
framebegin
l:1 -7,0,2 70
l:2 -7,0,2 70
l:3 -6.5,-7.5,5 100
l:4 -7,0,5 70
l:5 -7,0,5 70
l:6 -6.5,-7.5,5 100
frameend
framebegin
l:1 -7,0,5 70
l:2 -7,0,5 70
l:3 -6.5,-7.5,5 100
l:4 -7,0,5 70
l:5 -7,0,5 70
l:6 -6.5,-7.5,5 100
frameend
framebegin
l:1 -7,0,5 70
l:2 -7,0,5 70
l:3 -6.5,-7.5,2 100
l:4 -7,0,5 70
l:5 -7,0,5 70
l:6 -6.5,-7.5,2 100
frameend

framebegin
l:1 -7,0,5 70
l:2 -7,0,5 70
l:3 -7,0,5 100
l:4 -7,0,5 70
l:5 -7,0,5 70
l:6 -7,0,5 100
frameend






