Sequence new-sequence

framebegin
l:1 -3,0,5 250
l:2 -3,0,5 250
l:3 -3,0,3 250
l:4 -3,0,5 250
l:5 -3,0,5 250
l:6 -3,0,3 250
frameend

framebegin
l:1 -3,0,5.5 250
l:2 -3,0,5.5 250
l:3 7,0,1 250
l:4 -3,0,5.5 250
l:5 -3,0,5.5 250
l:6 7,0,1 250
frameend

framebegin
l:1 -3,0,6.5 250
l:2 -3,0,6.5 250
l:3 10,0,-3 250
l:4 -3,0,6.5 250
l:5 -3,0,6.5 250
l:6 10,0,-3 250
frameend

framebegin
l:1 -3,0,7.5 250
l:2 -3,0,7.5 250
l:3 12,0,-9 250
l:4 -3,0,7.5 250
l:5 -3,0,7.5 250
l:6 12,0,-9 250
frameend

framebegin
l:1 -3,0,8.5 250
l:2 -3,0,8.5 250
l:3 10,0,-13 250
l:4 -3,0,8.5 250
l:5 -3,0,8.5 250
l:6 10,0,-13 250
frameend

framebegin
l:1 -3,0,8.5 250
l:2 -3,0,8.5 250
l:3 9,0,-15 250
l:4 -3,0,8.5 250
l:5 -3,0,8.5 250
l:6 9,0,-15 250
frameend

framebegin
l:1 -3,0,9 250
l:2 -3,0,9 250
l:3 8,0,-16 250
l:4 -3,0,9 250
l:5 -3,0,9 250
l:6 8,0,-16 250
frameend

framebegin
l:1 0,0,8.5 250
l:2 0,0,8.5 250
l:3 9,0,-15 250
l:4 0,0,8.5 250
l:5 0,0,8.5 250
l:6 9,0,-15 250
frameend

framebegin
l:1 0,0,8.5 250
l:2 0,0,8.5 250
l:3 10,0,-13 250
l:4 0,0,8.5 250
l:5 0,0,8.5 250
l:6 10,0,-13 250
frameend

framebegin
l:1 0,0,7.5 250
l:2 0,0,7.5 250
l:3 12,0,-9 250
l:4 0,0,7.5 250
l:5 0,0,7.5 250
l:6 12,0,-9 250
frameend

framebegin
l:1 0,0,6.5 250
l:2 0,0,6.5 250
l:3 10,0,-3 250
l:4 0,0,6.5 250
l:5 0,0,6.5 250
l:6 10,0,-3 250
frameend

framebegin
l:1 0,0,5.5 250
l:2 0,0,5.5 250
l:3 7,0,1 250
l:4 0,0,5.5 250
l:5 0,0,5.5 250
l:6 7,0,1 250
frameend

framebegin
l:1 0,0,5 250
l:2 0,0,5 250
l:3 0,0,3 250
l:4 0,0,5 250
l:5 0,0,5 250
l:6 0,0,3 250
frameend