sequence dance-plie offset 45

framebegin 500
l:1 -8,0,18 150
l:2 -8,0,18 150
l:3 -8,0,18 150
l:4 -8,0,18 150
l:5 -8,0,18 150
l:6 -8,0,18 150
frameend

framebegin 1700
l:1 -8,0,14 150
l:2 -8,0,14 150
l:3 -8,0,14 150
l:4 -8,0,14 150
l:5 -8,0,14 150
l:6 -8,0,14 150
frameend

framebegin 500
l:1 -8,0,18 150
l:2 -8,0,18 150
l:3 -8,0,18 150
l:4 -8,0,18 150
l:5 -8,0,18 150
l:6 -8,0,18 150
frameend

framebegin 1700
l:1 -8,0,14 150
l:2 -8,0,14 150
l:3 -8,0,14 150
l:4 -8,0,14 150
l:5 -8,0,14 150
l:6 -8,0,14 150
frameend


framebegin 500
l:1 -8,0,18 150
l:2 -8,0,18 150
l:3 -8,0,18 150
l:4 -8,0,18 150
l:5 -8,0,18 150
l:6 -8,0,18 150
frameend