Sequence dance-circle-air offset 45

framebegin 300
l:1 -7,-4,15 100
l:2 -7,-4,15 100
l:3 -7,4,15 100
l:4 -7,12,15 100
l:5 -7,12,15 100
l:6 -7,4,15 100
frameend

#tmp
framebegin 300
l:1 -10,-5,15 100
l:2 -4,-5,15 100
l:3 -4,3,15 100
l:4 -4,11,15 100
l:5 -10,11,15 100
l:6 -10,3,15 100
frameend

framebegin 300
l:1 -11,-8,15 100
l:2 -3,-8,15 100
l:3 -3,0,15 100
l:4 -3,8,15 100
l:5 -11,8,15 100
l:6 -11,0,15 100
frameend

#tmp
framebegin 300
l:1 -10,-11,15 100
l:2 -4,-11,15 100
l:3 -4,-3,15 100
l:4 -4,5,15 100
l:5 -10,5,15 100
l:6 -10,-3,15 100
frameend

framebegin 300
l:1 -7,-12,15 100
l:2 -7,-12,15 100
l:3 -7,-4,15 100
l:4 -7,4,15 100
l:5 -7,4,15 100
l:6 -7,-4,15 100
frameend

#tmp
framebegin 300
l:1 -4,-11,15 100
l:2 -10,-11,15 100
l:3 -10,-3,15 100
l:4 -10,5,15 100
l:5 -4,5,15 100
l:6 -4,-3,15 100
frameend

framebegin 300
l:1 -3,-8,15 100
l:2 -11,-8,15 100
l:3 -11,0,15 100
l:4 -11,8,15 100
l:5 -3,8,15 100
l:6 -3,0,15 100
frameend

#tmp
framebegin 300
l:1 -4,-5,15 100
l:2 -10,-5,15 100
l:3 -10,3,15 100
l:4 -10,11,15 100
l:5 -4,11,15 100
l:6 -4,3,15 100
frameend