sequence dance-spitzen offset 45

framebegin
l:1 -8,0,18 150
l:2 -8,0,18 150
l:3 -8,0,18 150
l:4 -8,0,18 150
l:5 -8,0,18 150
l:6 -8,0,18 150
frameend

framebegin 200
l:1 -7,0,16 150
l:2 -8,0,18 150
l:3 -8,0,18 150
l:4 -7,0,16 150
l:5 -8,0,18 150
l:6 -8,0,18 150
frameend

framebegin
l:1 -8,0,18 150
l:2 -8,0,18 150
l:3 -8,0,18 150
l:4 -8,0,18 150
l:5 -8,0,18 150
l:6 -8,0,18 150
frameend

framebegin 300
l:1 -8,0,18 150
l:2 -7,0,16 150
l:3 -8,0,18 150
l:4 -8,0,18 150
l:5 -7,0,16 150
l:6 -8,0,18 150
frameend

framebegin
l:1 -8,0,18 150
l:2 -8,0,18 150
l:3 -8,0,18 150
l:4 -8,0,18 150
l:5 -8,0,18 150
l:6 -8,0,18 150
frameend

framebegin 400
l:1 -7,0,16 150
l:2 -8,0,18 150
l:3 -8,0,18 150
l:4 -7,0,16 150
l:5 -8,0,18 150
l:6 -8,0,18 150
frameend

framebegin
l:1 -8,0,18 150
l:2 -8,0,18 150
l:3 -8,0,18 150
l:4 -8,0,18 150
l:5 -8,0,18 150
l:6 -8,0,18 150
frameend

framebegin 500
l:1 -8,0,18 150
l:2 -7,0,16 150
l:3 -8,0,18 150
l:4 -8,0,18 150
l:5 -7,0,16 150
l:6 -8,0,18 150
frameend

framebegin
l:1 -8,0,18 150
l:2 -8,0,18 150
l:3 -8,0,18 150
l:4 -8,0,18 150
l:5 -8,0,18 150
l:6 -8,0,18 150
frameend

framebegin 400
l:1 -7,0,16 150
l:2 -8,0,18 150
l:3 -8,0,18 150
l:4 -7,0,16 150
l:5 -8,0,18 150
l:6 -8,0,18 150
frameend

framebegin
l:1 -8,0,18 150
l:2 -8,0,18 150
l:3 -8,0,18 150
l:4 -8,0,18 150
l:5 -8,0,18 150
l:6 -8,0,18 150
frameend

framebegin 300
l:1 -8,0,18 150
l:2 -7,0,16 150
l:3 -8,0,18 150
l:4 -8,0,18 150
l:5 -7,0,16 150
l:6 -8,0,18 150
frameend

framebegin
l:1 -8,0,18 150
l:2 -8,0,18 150
l:3 -8,0,18 150
l:4 -8,0,18 150
l:5 -8,0,18 150
l:6 -8,0,18 150
frameend

framebegin 200
l:1 -7,0,16 150
l:2 -8,0,18 150
l:3 -8,0,18 150
l:4 -7,0,16 150
l:5 -8,0,18 150
l:6 -8,0,18 150
frameend

framebegin
l:1 -8,0,18 150
l:2 -8,0,18 150
l:3 -8,0,18 150
l:4 -8,0,18 150
l:5 -8,0,18 150
l:6 -8,0,18 150
frameend