sequence dance-mechanic offset 45
# start op 1:12.1

framebegin 0

l:1 0,0,0 100
l:2 0,0,0 100
l:3 0,0,0 100
l:4 0,0,0 100
l:5 0,0,0 100
l:6 0,0,0 100
frameend


framebegin 400
l:1 0,0,-5 100
l:2 0,0,0 100
l:3 0,0,-5 100
l:4 0,0,0 100
l:5 0,0,-7 100
l:6 0,0,0 100
frameend


framebegin 400
l:1 0,0,-5 100
l:2 0,0,0 100
l:3 0,0,-5 100
l:4 0,0,0 100
l:5 0,0,-5 100
l:6 0,0,0 100
frameend


framebegin 200
l:1 -7,0,0 100
l:2 0,0,0 100
l:3 -7,0,0 100
l:4 0,0,0 100
l:5 -7,0,0 100
l:6 0,0,0 100
frameend


framebegin 200
l:1 -7,0,0 100
l:2 0,0,0 100
l:3 -7,0,0 100
l:4 0,0,0 100
l:5 -7,0,0 100
l:6 0,0,0 100
frameend




framebegin 400
l:1 -7,0,0 100
l:2 0,0,-5 100
l:3 -7,0,0 100
l:4 0,0,-5 100
l:5 -7,0,0 100
l:6 0,0,-5 100
frameend



framebegin 400
l:1 -7,0,0 100
l:2 0,0,-5 100
l:3 -7,0,0 100
l:4 0,0,-5 100
l:5 -7,0,0 100
l:6 0,0,-5 100
frameend


framebegin 200
l:1 -7,0,0 100
l:2 -7,0,0 100
l:3 -7,0,0 100
l:4 -7,0,0 100
l:5 -7,0,0 100
l:6 -7,0,0 100
frameend



framebegin 200
l:1 -7,0,0 100
l:2 -7,0,0 100
l:3 -7,0,0 100
l:4 -7,0,0 100
l:5 -7,0,0 100
l:6 -7,0,0 100
frameend


framebegin 400
l:1 0,0,-5 100
l:2 -7,0,0 100
l:3 0,0,-5 100
l:4 -7,0,0 100
l:5 0,0,-5 100
l:6 -7,0,0 100
frameend


framebegin 400
l:1 0,0,-5 100
l:2 -7,0,0 100
l:3 0,0,-5 100
l:4 -7,0,0 100
l:5 0,0,-5 100
l:6 -7,0,0 100
frameend


framebegin 200
l:1 -7,0,0 100
l:2 -7,0,0 100
l:3 -7,0,0 100
l:4 -7,0,0 100
l:5 -7,0,0 100
l:6 -7,0,0 100
frameend


framebegin 600
l:1 -7,0,5 100
l:2 -7,0,5 100
l:3 -7,0,5 100
l:4 -7,0,5 100
l:5 -7,0,5 100
l:6 -7,0,5 100
frameend


framebegin 400
l:1 -7,0,5 100
l:2 -7,0,5 100
l:3 -7,0,5 100
l:4 -7,0,5 100
l:5 -7,0,5 100
l:6 -7,0,5 100
frameend



