Sequence dance-go-low offset 45
framebegin 500
l:1 0,0,0 100
l:2 0,0,0 100
l:3 0,0,0 100
l:4 0,0,0 100
l:5 0,0,0 100
l:6 0,0,0 100
frameend
framebegin 500
l:1 0,0,-4 100
l:2 0,0,-4 100
l:3 0,0,-4 100
l:4 0,0,-4 100
l:5 0,0,-4 100
l:6 0,0,-4 100
frameend
framebegin 500
l:1 10,0,-4 100
l:2 0,0,-4 100
l:3 0,0,-4 100
l:4 0,0,-4 100
l:5 0,0,-4 100
l:6 0,0,-4 100
frameend
framebegin 500
l:1 0,0,-4 100
l:2 10,0,-4 100
l:3 0,0,-4 100
l:4 0,0,-4 100
l:5 0,0,-4 100
l:6 0,0,-4 100
frameend
framebegin 500
l:1 0,0,-4 100
l:2 0,0,-4 100
l:3 0,0,-4 100
l:4 0,0,-4 100
l:5 0,0,-4 100
l:6 10,0,-4 100
frameend
framebegin 500
l:1 0,0,-4 100
l:2 0,0,-4 100
l:3 10,0,-4 100
l:4 0,0,-4 100
l:5 0,0,-4 100
l:6 0,0,-4 100
frameend
framebegin 500
l:1 0,0,-4 100
l:2 0,0,-4 100
l:3 0,0,-4 100
l:4 0,0,-4 100
l:5 10,0,-4 100
l:6 0,0,-4 100
frameend
framebegin 500
l:1 0,0,-4 100
l:2 0,0,-4 100
l:3 0,0,-4 100
l:4 10,0,-4 100
l:5 0,0,-4 100
l:6 0,0,-4 100
frameend


framebegin 500
l:1 0,0,-4 100
l:2 0,0,-4 100
l:3 0,0,-4 100
l:4 0,0,-4 100
l:5 0,0,-4 100
l:6 0,0,-4 100
frameend
framebegin 500
l:1 0,0,0 100
l:2 0,0,0 100
l:3 0,0,0 100
l:4 0,0,0 100
l:5 0,0,0 100
l:6 0,0,0 100
frameend