sequence dance-stretch offset 0

framebegin
l:1 -5,0,5 150
l:2 -5,0,5 150
l:3 -5,0,5 150
l:4 -5,0,5 150
l:5 -5,0,5 150
l:6 -5,0,5 150
frameend

framebegin
l:1 -5,0,2 200
l:2 -5,0,5 200
l:3 -5,0,5 200
l:4 -5,0,5 200
l:5 -5,0,2 200
l:6 -5,0,5 200
frameend

framebegin
l:1 -5,0,5 200
l:2 -5,0,5 200
l:3 -5,0,2 200
l:4 -5,0,5 200
l:5 -5,0,5 200
l:6 -5,0,2 200
frameend

framebegin
l:1 -5,0,5 200
l:2 -5,0,2 200
l:3 -5,0,5 200
l:4 -5,0,2 200
l:5 -5,0,5 200
l:6 -5,0,5 200
frameend

framebegin
l:1 -2,-20,-5 150
l:2 -5,0,5 150
l:3 -5,0,5 150
l:4 -5,0,5 150
l:5 -5,0,5 150
l:6 -5,0,5 150
frameend

framebegin 300
l:1 -2,-20,-5 150
l:2 -5,0,5 150
l:3 -5,0,5 150
l:4 -5,0,5 150
l:5 -5,0,5 150
l:6 -5,0,5 150
frameend

framebegin
l:1 -5,0,3 150
l:2 -5,0,3 150
l:3 10,0,-8 150
l:4 -5,0,5 150
l:5 -5,0,5 150
l:6 -5,0,4 150
frameend

framebegin
l:1 -5,0,2 150
l:2 -5,0,2 150
l:3 -5,0,3.5 150
l:4 -5,0,5 150
l:5 -5,0,5 150
l:6 -5,0,3.5 150
frameend

framebegin
l:1 -5,0,5 150
l:2 -5,0,5 150
l:3 -5,0,5 150
l:4 -5,0,5 150
l:5 5,10,-5 150
l:6 -5,0,5 150
frameend

framebegin 500
l:1 -5,0,5 150
l:2 -5,0,5 150
l:3 -5,0,3.5 150
l:4 -5,0,2 150
l:5 5,18,-3 150
l:6 -5,0,3.5 150
frameend

framebegin
l:1 -5,0,5 150
l:2 -5,0,5 150
l:3 -5,0,5 150
l:4 -5,0,5 150
l:5 5,10,-5 150
l:6 -5,0,5 150
frameend

framebegin
l:1 -5,0,5 150
l:2 -5,0,5 150
l:3 -5,0,5 150
l:4 -5,0,5 150
l:5 5,18,-3 150
l:6 -5,0,5 150
frameend

framebegin 500
l:1 -5,0,5 150
l:2 -5,0,5 150
l:3 -5,0,5 150
l:4 -5,0,5 150
l:5 5,18,-3 150
l:6 -5,0,5 150
frameend

framebegin
l:1 -5,0,5 150
l:2 -5,0,5 150
l:3 -5,0,5 150
l:4 -5,0,5 150
l:5 -5,0,5 150
l:6 -5,0,5 150
frameend