sequence dance-mechanic2 offset 45
# start op 1:17.6

framebegin 0
l:1 -7,0,5 100
l:2 -7,0,5 100
l:3 -7,0,5 100
l:4 -7,0,5 100
l:5 -7,0,5 100
l:6 -7,0,5 100
frameend



# poot 1
framebegin 200
l:1 -7,0,0 100
l:2 -7,0,5 100
l:3 -7,0,5 100
l:4 -7,0,5 100
l:5 -7,0,5 100
l:6 -7,0,5 100
frameend


framebegin 100
l:1 -7,-8,0 100
l:2 -7,0,5 100
l:3 -7,0,5 100
l:4 -7,0,5 100
l:5 -7,0,5 100
l:6 -7,0,5 100
frameend


framebegin 200
l:1 -7,-8,5 100
l:2 -7,0,5 100
l:3 -7,0,5 100
l:4 -7,0,5 100
l:5 -7,0,5 100
l:6 -7,0,5 100
frameend


# poot 2
framebegin 200
l:1 -7,-8,5 100
l:2 -7,0,0 100
l:3 -7,0,5 100
l:4 -7,0,5 100
l:5 -7,0,5 100
l:6 -7,0,5 100
frameend


framebegin 100
l:1 -7,-8,5 100
l:2 -7,-8,0 100
l:3 -7,0,5 100
l:4 -7,0,5 100
l:5 -7,0,5 100
l:6 -7,0,5 100
frameend


framebegin 200
l:1 -7,-8,5 100
l:2 -7,-8,5 100
l:3 -7,0,5 100
l:4 -7,0,5 100
l:5 -7,0,5 100
l:6 -7,0,5 100
frameend

# poot 4
framebegin 200
l:1 -7,-8,5 100
l:2 -7,-8,5 100
l:3 -7,0,5 100
l:4 -7,0,0 100
l:5 -7,0,5 100
l:6 -7,0,5 100
frameend


framebegin 100
l:1 -7,-8,5 100
l:2 -7,-8,5 100
l:3 -7,0,5 100
l:4 -7,8,0 100
l:5 -7,0,5 100
l:6 -7,0,5 100
frameend


framebegin 200
l:1 -7,-8,5 100
l:2 -7,-8,5 100
l:3 -7,0,5 100
l:4 -7,8,5 100
l:5 -7,0,5 100
l:6 -7,0,5 100
frameend

# poot 5
framebegin 200
l:1 -7,-8,5 100
l:2 -7,-8,5 100
l:3 -7,0,5 100
l:4 -7,8,5 100
l:5 -7,0,0 100
l:6 -7,0,5 100
frameend


framebegin 100
l:1 -7,-8,5 100
l:2 -7,-8,5 100
l:3 -7,0,5 100
l:4 -7,8,5 100
l:5 -7,8,0 100
l:6 -7,0,5 100
frameend


framebegin 200
l:1 -7,-8,5 100
l:2 -7,-8,5 100
l:3 -7,0,5 100
l:4 -7,8,5 100
l:5 -7,8,5 100
l:6 -7,0,5 100
frameend

framebegin 400
l:1 -7,-8,0 100
l:2 -7,-8,0 100
l:3 -7,0,0 100
l:4 -7,8,0 100
l:5 -7,8,0 100
l:6 -7,0,0 100
frameend


framebegin 400
l:1 -7,-8,0 100
l:2 -7,-8,0 100
l:3 -7,0,0 100
l:4 -7,8,0 100
l:5 -7,8,0 100
l:6 -7,0,0 100
frameend


