Sequence bow
framebegin
l:1 0,0,5 100
l:2 0,0,5 100
l:3 0,0,5 100
l:4 0,0,5 100
l:5 0,0,5 100
l:6 0,0,5 100
frameend

framebegin
l:1 0,0,9 100
l:2 0,0,9 100
l:3 0,0,9 100
l:4 0,0,9 100
l:5 0,0,9 100
l:6 0,0,9 100
frameend

framebegin
l:1 0,0,7 100
l:2 0,0,9 100
l:3 0,0,9 100
l:4 0,0,9 100
l:5 0,0,9 100
l:6 0,0,9 100
frameend

framebegin
l:1 -5,5,3 100
l:2 0,0,7 100
l:3 0,0,8 100
l:4 0,0,9 100
l:5 0,0,9 100
l:6 0,0,8 100
frameend

framebegin
l:1 -12.5,2,3 100
l:2 0,0,5 100
l:3 0,0,7 100
l:4 0,0,9 100
l:5 0,0,9 100
l:6 0,0,7 100
frameend