sequence dance-step

framebegin
l:1 -3,0,5 100
l:2 -3,0,5 100
l:3 -3,0,5 100
l:4 -3,0,5 100
l:5 -3,0,5 100
l:6 -3,0,5 100
frameend

framebegin
l:1 -3,0,2 100
l:2 -3,0,5 100
l:3 -3,0,5 100
l:4 -3,0,2 100
l:5 -3,0,5 100
l:6 -3,0,5 100
frameend

framebegin
l:1 -3,0,5 100
l:2 -3,0,5 100
l:3 -3,0,5 100
l:4 -3,0,5 100
l:5 -3,0,5 100
l:6 -3,0,5 100
frameend

framebegin
l:1 -3,0,2 100
l:2 -3,0,5 100
l:3 -3,0,5 100
l:4 -3,0,2 100
l:5 -3,0,5 100
l:6 -3,0,5 100
frameend

framebegin
l:1 -3,0,5 100
l:2 -3,0,5 100
l:3 -3,0,5 100
l:4 -3,0,5 100
l:5 -3,0,5 100
l:6 -3,0,5 100
frameend

framebegin
l:1 -3,0,5 100
l:2 -3,0,2 100
l:3 -3,0,5 100
l:4 -3,0,5 100
l:5 -3,0,2 100
l:6 -3,0,5 100
frameend

framebegin
l:1 -3,0,5 100
l:2 -3,0,5 100
l:3 -3,0,5 100
l:4 -3,0,5 100
l:5 -3,0,5 100
l:6 -3,0,5 100
frameend

framebegin
l:1 -3,0,5 100
l:2 -3,0,2 100
l:3 -3,0,5 100
l:4 -3,0,5 100
l:5 -3,0,2 100
l:6 -3,0,5 100
frameend

framebegin
l:1 -3,0,5 100
l:2 -3,0,5 100
l:3 -3,0,5 100
l:4 -3,0,5 100
l:5 -3,0,5 100
l:6 -3,0,5 100
frameend