Sequence erwin-twerk offset 45

framebegin 500
l:1 -7,-4,10 100
l:2 -7,-4,10 100
l:3 -7,4,10 100
l:4 -7,12,10 100
l:5 -7,12,10 100
l:6 -7,4,10 100
frameend

framebegin 500
l:1 -9,-6,10 100
l:2 -5,-6,10 100
l:3 -5,2,10 100
l:4 -5,10,10 100
l:5 -9,10,10 100
l:6 -9,2,10 100
frameend

framebegin 500
l:1 -11,-8,10 100
l:2 -3,-8,10 100
l:3 -3,0,10 100
l:4 -3,8,10 100
l:5 -11,8,10 100
l:6 -11,0,10 100
frameend

framebegin 500
l:1 -9,-10,10 100
l:2 -5,-10,10 100
l:3 -5,-2,10 100
l:4 -5,6,10 100
l:5 -9,6,10 100
l:6 -9,-2,10 100
frameend

framebegin 500
l:1 -7,-12,10 100
l:2 -7,-12,10 100
l:3 -7,-4,10 100
l:4 -7,4,10 100
l:5 -7,4,10 100
l:6 -7,-4,10 100
frameend

framebegin 500
l:1 -5,-10,10 100
l:2 -9,-10,10 100
l:3 -9,-2,10 100
l:4 -9,6,10 100
l:5 -5,6,10 100
l:6 -5,-2,10 100
frameend

framebegin 500
l:1 -3,-8,10 100
l:2 -11,-8,10 100
l:3 -11,0,10 100
l:4 -11,8,10 100
l:5 -3,8,10 100
l:6 -3,0,10 100
frameend

framebegin 500
l:1 -5,-6,10 100
l:2 -9,-6,10 100
l:3 -9,2,10 100
l:4 -9,10,10 100
l:5 -5,10,10 100
l:6 -5,2,10 100
frameend