Sequence post-stab offset 0

framebegin

l:1 3.7,0,-5.7 100
l:2 3.7,0,-5.7 100
l:3 -3.6,-12.1,5 100
l:4 0,0,5 100
l:5 0,0,5 100
l:6 -3.6,-12.1,5 100
frameend

framebegin

l:1 0,0,5 100
l:2 0,0,5 100
l:3 -3.6,-12.1,5 100
l:4 0,0,5 100
l:5 0,0,5 100
l:6 -3.6,-12.1,5 100
frameend


framebegin
l:1 0,0,5 100
l:2 0,0,5 100
l:3 2.3,0.3,-4.2 100
l:4 0,0,5 100
l:5 0,0,5 100
l:6 2.3,0.3,-4.2 100
frameend

framebegin
l:1 0,0,5 100
l:2 0,0,5 100
l:3 0,0,5 100
l:4 0,0,5 100
l:5 0,0,5 100
l:6 0,0,5 100
frameend
