Sequence pre-stab-left
framebegin
l:1 0,0,0 100
l:2 0,0,0 100
l:3 0,0,0 100
l:4 0,0,0 100
l:5 0,0,0 100
l:6 0,0,0 100
frameend

framebegin
l:1 0,0,0 100
l:2 0,0,0 100
l:3 -3.6,-12.1,-5 100
l:4 0,0,0 100
l:5 0,0,0 100
l:6 -3.6,-12.1,-5 100
frameend



framebegin
l:1 0,0,0 100
l:2 0,0,0 100
l:3 -3.6,-12.1,0 100
l:4 0,0,0 100
l:5 0,0,0 100
l:6 -3.6,-12.1,0 100
frameend


framebegin

l:1 0,0,0 100
l:2 2.1,0,-26 100
l:3 -3.6,-12.1,0 100
l:4 0,0,0 100
l:5 0,0,0 100
l:6 -3.6,-12.1,0 100
frameend

framebegin

l:1 0,0,0 100
l:2 -7.9,-16.4,-26 100
l:3 -3.6,-12.1,0 100
l:4 0,0,0 100
l:5 0,0,0 100
l:6 -3.6,-12.1,0 100
frameend
