Sequence pre-stab-mating offset 0
framebegin
l:1 -7,0,5 100
l:2 -7,0,5 100
l:3 -7,0,5 100
l:4 -7,0,5 100
l:5 -7,0,5 100
l:6 -7,0,5 100
frameend

framebegin
l:1 -7,0,5 100
l:2 -7,0,5 100
l:3 -7,-12.1,0 100
l:4 -7,0,5 100
l:5 -7,0,5 100
l:6 -7,-12.1,0 100
frameend

framebegin
l:1 -7,0,5 100
l:2 -7,0,5 100
l:3 -7,-12.1,5 100
l:4 -7,0,5 100
l:5 -7,0,5 100
l:6 -7,-12.1,5 100
frameend

framebegin
l:1 -7,0,0 100
l:2 -7,0,0 100
l:3 -7,-12.1,5 100
l:4 -7,0,5 100
l:5 -7,0,5 100
l:6 -7,-12.1,5 100
frameend

framebegin
l:1 8.3,0,-20 100
l:2 8.3,0,-20 100
l:3 -7,-12.1,10 100
l:4 -7,0,5 100
l:5 -7,0,5 100
l:6 -7,-12.1,10 100
frameend