Sequence new-sequence  offset 0
framebegin
l:1 0,0,0 100
l:2 0,0,0 100
l:3 0,0,0 100
l:4 0,0,0 100
l:5 0,0,0 100
l:6 0,0,0 100
frameend

framebegin
l:1 0,0,0 100
l:2 0,0,0 100
l:3 1.2,0,-4.3 100
l:4 0,0,0 100
l:5 0,0,0 100
l:6 0,0,0 100
frameend

framebegin
l:1 0,0,0 100
l:2 0,0,0 100
l:3 -5.1,-12.4,0 100
l:4 0,0,0 100
l:5 0,0,0 100
l:6 0,0,0 100
frameend

framebegin
l:1 0,0,0 100
l:2 -10,-4.6,-26.1 100
l:3 -5.1,-12.4,-0.9 100
l:4 0,0,0 100
l:5 0,0,0 100
l:6 0,0,0 100
frameend

framebegin
l:1 0,0,0 100
l:2 -10,-6.7,-20.6 100
l:3 -5.1,-12.4,-0.9 100
l:4 0,0,0 100
l:5 0,0,0 100
l:6 0,0,0 100
frameend

framebegin
l:1 0,0,0 100
l:2 -10,-3.7,-26 100
l:3 -5.1,-12.4,-0.9 100
l:4 0,0,0 100
l:5 0,0,0 100
l:6 0,0,0 100
frameend

framebegin
l:1 0,0,0 100
l:2 -10,-5.4,-20.6 100
l:3 -5.1,-12.4,-0.9 100
l:4 0,0,0 100
l:5 0,0,0 100
l:6 0,0,0 100
frameend

framebegin
l:1 0,0,0 100
l:2 -10.7,-2.7,-26 100
l:3 -5.1,-12.4,-0.9 100
l:4 0,0,0 100
l:5 0,0,0 100
l:6 0,0,0 100
frameend

framebegin
l:1 0,0,0 100
l:2 0,0,0 100
l:3 -5.1,-12.4,-0.9 100
l:4 0,0,0 100
l:5 0,0,0 100
l:6 0,0,0 100
frameend

framebegin
l:1 0,0,0 100
l:2 0,0,0 100
l:3 1.2,-0.2,-4.4 100
l:4 0,0,0 100
l:5 0,0,0 100
l:6 0,0,0 100
frameend

framebegin
l:1 0,0,0 100
l:2 0,0,0 100
l:3 0,0,0 100
l:4 0,0,0 100
l:5 0,0,0 100
l:6 0,0,0 100
frameend
