Sequence startup
framebegin
l:2 0,0,0 100
l:1 0,0,0 100
l:3 0,0,0 100
l:4 0,0,0 100
l:5 0,0,0 100
l:6 0,0,0 100

frameend

framebegin

l:2 0,0,0 100
l:1 0,0,0 100
l:3 -3.2,13.7,-6.7 100
l:4 0,0,0 100
l:5 0,0,0 100
l:6 -5.7,13.7,-7.7 100
frameend

framebegin

l:2 0,0,0 100
l:1 0,0,0 100
l:3 -3.2,13.7,0 100
l:4 0,0,0 100
l:5 0,0,0 100
l:6 -5.7,13.7,0 100
frameend

framebegin

l:1 4.2,0,-24.8 100
l:2 4.9,0,-24.7 100
l:3 -3.2,13.7,10 100
l:4 0,0,5 100
l:5 0,0,5 100
l:6 -5.7,13.8,10 100
frameend
framebegin

l:1 -6.9,18.2,-24.8 100
l:2 -4.1,17.4,-24.7 100
l:3 -3.2,13.7,10 100
l:4 0,0,5 100
l:5 0,0,5 100
l:6 -5.7,13.8,10 100
frameend
framebegin

l:1 1.9,-0.2,-5.2 100
l:2 4.7,1.2,-5.2 100
l:3 -3.2,13.7,-0.2 100
l:4 0,0,0 100
l:5 0,0,0 100
l:6 -5.7,13.8,-0.3 100
frameend
framebegin

l:1 0,0,0 100
l:2 0,0,0 100
l:3 -3.2,13.7,-0 100
l:4 0,0,0 100
l:5 0,0,0 100
l:6 -5.7,13.8,0 100
frameend
framebegin

l:1 0,0,0 100
l:2 0,0,0 100
l:3 2.5,6.3,-3.5 100
l:4 0,0,0 100
l:5 0,0,0 100
l:6 1.2,6,-4.4 100
frameend
framebegin

l:1 0,0,0 100
l:2 0,0,0 100
l:3 0,0,0 100
l:4 0,0,0 100
l:5 0,0,0 100
l:6 0,0,0 100
frameend
