Sequence walk

l:1 0,13,-8 200
#l:1 0,13,0.5 200
#l:1 0,0,0.5 200
#l:1 0,18,0.5 200
l:1 0,18,0 200

l:3 0,5,-8 200
l:3 0,5,0.5 200
l:3 0,0,0.5 200
l:3 0,-5,0.5 200
l:3 0,-5,0 200

l:5 0,5,-8 200
l:5 0,5,0.5 200
l:5 0,0,0.5 200
l:5 0,-5,0.5 200
l:5 0,-5,0 200


waitlegs

l:2 0,5,-8 200
l:2 0,5,0.5 200
l:2 0,0,0.5 200
l:2 0,-5,0.5 200
l:2 0,-5,0 200

l:4 0,5,-8 200
l:4 0,5,0.5 200
l:4 0,0,0.5 200
l:4 0,-5,0.5 200
l:4 0,-5,0 200

l:6 0,5,-8 200
l:6 0,5,0.5 200
l:6 0,0,0.5 200
l:6 0,-5,0.5 200
l:6 0,-5,0 200

waitlegs