Sequence walk offset 25

# STAP 1:

framebegin
l:2 -5.1,3.0,2.5 100
l:4 -5.1,3.0,2.5 100
l:6 -5.1,3.0,4.0 100
frameend
framebegin
l:2 -5.1,3.0,2.9 100
l:4 -5.1,3.0,2.9 100
l:6 -5.1,3.0,4.0 100
frameend
framebegin
l:2 -5.1,3.0,3.3 100
l:4 -5.1,3.0,3.3 100
l:6 -5.1,3.0,4.0 100
frameend
framebegin
l:2 -5.1,3.0,3.7 100
l:4 -5.1,3.0,3.7 100
l:6 -5.1,3.0,4.0 100
frameend
framebegin
l:2 -5.1,3,4.1 100

l:4 -5.1,3,4.1 100

l:6 -5.1,3,4.0 100

frameend

framebegin
l:1 -5.1,-3.0,3.7 100
l:3 -5.1,-3.0,3.62 100
l:5 -5.1,-3.0,3.7 100
frameend
framebegin
l:1 -5.1,-3.0,3.3 100
l:3 -5.1,-3.0,3.24 100
l:5 -5.1,-3.0,3.3 100
frameend
framebegin
l:1 -5.1,-3.0,2.9 100
l:3 -5.1,-3.0,2.86 100
l:5 -5.1,-3.0,2.9 100
frameend
framebegin
l:1 -5.1,-3.0,2.5 100
l:3 -5.1,-3.0,2.48 100
l:5 -5.1,-3.0,2.5 100
frameend
framebegin
l:1 -5.1,-3,2.1 100

l:3 -5.1,-3,2.1 100

l:5 -5.1,-3,2.1 100

frameend

# STAP 2




framebegin
l:1 -5.1,-1.8,2.1 100
l:3 -5.1,-1.8,2.48 100
l:2 -5.1,1.8,4.1 100
l:5 -5.1,-1.8,2.1 100
l:4 -5.1,1.8,4.1 100
l:6 -5.1,1.8,4.0 100
frameend
framebegin
l:1 -5.1,-0.6,2.1 100
l:3 -5.1,-0.6,2.86 100
l:2 -5.1,0.6,4.1 100
l:5 -5.1,-0.6,2.1 100
l:4 -5.1,0.6,4.1 100
l:6 -5.1,0.6,4.0 100
frameend
framebegin
l:1 -5.1,0.6,2.1 100
l:3 -5.1,0.6,3.24 100
l:2 -5.1,-0.6,4.1 100
l:5 -5.1,0.6,2.1 100
l:4 -5.1,-0.6,4.1 100
l:6 -5.1,-0.6,4.0 100
frameend
framebegin
l:1 -5.1,1.8,2.1 100
l:3 -5.1,1.8,3.62 100
l:2 -5.1,-1.8,4.1 100
l:5 -5.1,1.8,2.1 100
l:4 -5.1,-1.8,4.1 100
l:6 -5.1,-1.8,4.0 100
frameend
framebegin
l:1 -5.1,3,2.1 100

l:3 -5.1,3,4.0 100

l:2 -5.1,-3,4.1 100

l:5 -5.1,3,2.1 100

l:4 -5.1,-3,4.1 100

l:6 -5.1,-3,4.0 100

frameend

# STAP 3

framebegin
l:1 -5.1,3.0,2.5 100
l:3 -5.1,3.0,4.0 100
l:5 -5.1,3.0,2.5 100
frameend
framebegin
l:1 -5.1,3.0,2.9 100
l:3 -5.1,3.0,4.0 100
l:5 -5.1,3.0,2.9 100
frameend
framebegin
l:1 -5.1,3.0,3.3 100
l:3 -5.1,3.0,4.0 100
l:5 -5.1,3.0,3.3 100
frameend
framebegin
l:1 -5.1,3.0,3.7 100
l:3 -5.1,3.0,4.0 100
l:5 -5.1,3.0,3.7 100
frameend
framebegin
l:1 -5.1,3,4.1 100

l:3 -5.1,3,4.0 100

l:5 -5.1,3,4.1 100

frameend

framebegin
l:2 -5.1,-3.0,3.7 100
l:4 -5.1,-3.0,3.7 100
l:6 -5.1,-3.0,3.62 100
frameend
framebegin
l:2 -5.1,-3.0,3.3 100
l:4 -5.1,-3.0,3.3 100
l:6 -5.1,-3.0,3.24 100
frameend
framebegin
l:2 -5.1,-3.0,2.9 100
l:4 -5.1,-3.0,2.9 100
l:6 -5.1,-3.0,2.86 100
frameend
framebegin
l:2 -5.1,-3.0,2.5 100
l:4 -5.1,-3.0,2.5 100
l:6 -5.1,-3.0,2.48 100
frameend
framebegin
l:2 -5.1,-3,2.1 100

l:4 -5.1,-3,2.1 100

l:6 -5.1,-3,2.1 100

frameend


# STAP 4




framebegin
l:1 -5.1,1.8,4.1 100
l:3 -5.1,1.8,4.0 100
l:2 -5.1,-1.8,2.1 100
l:5 -5.1,1.8,4.1 100
l:4 -5.1,-1.8,2.1 100
l:6 -5.1,-1.8,2.48 100
frameend
framebegin
l:1 -5.1,0.6,4.1 100
l:3 -5.1,0.6,4.0 100
l:2 -5.1,-0.6,2.1 100
l:5 -5.1,0.6,4.1 100
l:4 -5.1,-0.6,2.1 100
l:6 -5.1,-0.6,2.86 100
frameend
framebegin
l:1 -5.1,-0.6,4.1 100
l:3 -5.1,-0.6,4.0 100
l:2 -5.1,0.6,2.1 100
l:5 -5.1,-0.6,4.1 100
l:4 -5.1,0.6,2.1 100
l:6 -5.1,0.6,3.24 100
frameend
framebegin
l:1 -5.1,-1.8,4.1 100
l:3 -5.1,-1.8,4.0 100
l:2 -5.1,1.8,2.1 100
l:5 -5.1,-1.8,4.1 100
l:4 -5.1,1.8,2.1 100
l:6 -5.1,1.8,3.62 100
frameend
framebegin
l:1 -5.1,-3,4.1 100

l:3 -5.1,-3,4.0 100

l:2 -5.1,3,2.1 100

l:5 -5.1,-3,4.1 100

l:4 -5.1,3,2.1 100

l:6 -5.1,3,4.0 100

frameend

